# log-evidence
logZ: -24.82536839964426
logZstd: 0.863394354131666
clusters:
  1:
    logZ: -38.92681950612276
    logZstd: 1.2742282343406
  2:
    logZ: -29.12209447381386
    logZstd: 0.992918300901336
  3:
    logZ: -24.84250253141926
    logZstd: 0.865317007216376
