# log-evidence
logZ: -17.4652173898271
logZstd: 0.651375392759462
clusters:
  1:
    logZ: -22.2083807940796
    logZstd: 1.11008075039486
  2:
    logZ: -22.4164538355115
    logZstd: 0.800058719429524
  3:
    logZ: -17.4892256237804
    logZstd: 0.655748405934563
