# log-evidence
logZ: -22.040885311388827
logZstd: 0.756882861523314
clusters:
  1:
    logZ: -63.802037191686225
    logZstd: 1.18547079976686
  2:
    logZ: -23.522188096204427
    logZstd: 0.910660278798223
  3:
    logZ: -22.354098644997826
    logZstd: 0.775433437891278
