# log-evidence
logZ: -18.7311410150715
logZstd: 0.677302432317238
clusters:
  1:
    logZ: -19.7669724192437
    logZstd: 0.684754257428553
  2:
    logZ: -19.1741130475273
    logZstd: 0.679911357537973
