# log-evidence
logZ: -16.3220550693929
logZstd: 0.630884811125597
clusters:
  1:
    logZ: -19.0195678346053
    logZstd: 0.656406016097373
  2:
    logZ: -16.3944886139946
    logZstd: 0.633236737914888
