# log-evidence
logZ: -17.2480190150173
logZstd: 0.647129258672297
clusters:
  1:
    logZ: -946.042880498767
    logZstd: 0.902096610676544
  2:
    logZ: -17.2480190150173
    logZstd: 0.647129258672292
