# log-evidence
logZ: -19.288765904456
logZstd: 0.649961145158559
clusters:
  1:
    logZ: -28.5756762402941
    logZstd: 0.733275126313669
  2:
    logZ: -19.2888704504606
    logZstd: 0.649971019829474
