# log-evidence
logZ: -16.4164461764469
logZstd: 0.62827776184394
clusters:
  1:
    logZ: -37.8465975904191
    logZstd: 0.979967076576435
  2:
    logZ: -17.852349290957
    logZstd: 0.687007085220392
  3:
    logZ: -16.7074130865818
    logZstd: 0.639197318014295
