# log-evidence
logZ: -52.4027539358239
logZstd: 0.349013876329967
clusters:
  1:
    logZ: -61.4606487081094
    logZstd: 0.46802485057563
  2:
    logZ: -52.4028803240472
    logZstd: 0.349025653483298
